0	1.5	0.5	1	1	1	1	1	1	1	1
0.1	1.48571	0.52	0.913793	0.923529	0.923529	0.995	0.995	0.995	0.98	1.01429
0.2	1.47231	0.538308	0.836895	0.854714	0.855103	0.989825	0.989851	0.989851	0.962831	1.02655
0.3	1.4597	0.555108	0.768314	0.792792	0.793885	0.984483	0.984561	0.98456	0.948141	1.03705
0.4	1.4478	0.570566	0.707167	0.73708	0.739123	0.978983	0.979138	0.979134	0.935616	1.04602
0.5	1.43654	0.584826	0.652663	0.686965	0.690148	0.973335	0.973589	0.973581	0.924981	1.05365
0.6	1.42586	0.598017	0.604098	0.641896	0.646358	0.967551	0.967926	0.967909	0.915995	1.06013
0.7	1.41571	0.610255	0.560843	0.601376	0.607214	0.961641	0.962156	0.962129	0.908445	1.06559
0.8	1.40603	0.62164	0.522335	0.564957	0.572233	0.955618	0.95629	0.95625	0.902144	1.07019
0.9	1.39679	0.632261	0.488072	0.532239	0.540983	0.949493	0.950337	0.950281	0.89693	1.07402
1	1.38795	0.642197	0.457605	0.502859	0.513077	0.943278	0.944307	0.944232	0.892658	1.07719
1.1	1.37949	0.651517	0.430532	0.476488	0.488167	0.936985	0.93821	0.938113	0.889205	1.07979
1.2	1.37136	0.660283	0.406495	0.452834	0.465941	0.930625	0.932055	0.931933	0.886462	1.0819
1.3	1.36355	0.668548	0.385171	0.431628	0.446121	0.924208	0.925851	0.925703	0.884334	1.08357
1.4	1.35603	0.67636	0.366275	0.412632	0.428456	0.917747	0.919608	0.919431	0.882737	1.08487
1.5	1.34878	0.683761	0.349549	0.395628	0.412722	0.91125	0.913333	0.913125	0.8816	1.08586
1.6	1.34179	0.690789	0.334763	0.380421	0.398718	0.904728	0.907034	0.906794	0.880859	1.08656
1.7	1.33504	0.697475	0.321711	0.366833	0.386263	0.898189	0.90072	0.900446	0.88046	1.08702
1.8	1.32852	0.703851	0.31021	0.354706	0.375195	0.891641	0.894396	0.894088	0.880354	1.08728
1.9	1.3222	0.709941	0.300094	0.343895	0.36537	0.885092	0.888071	0.887726	0.880501	1.08736
2	1.31609	0.715769	0.291216	0.33427	0.356657	0.878549	0.881749	0.881368	0.880863	1.08728
2.1	1.31016	0.721354	0.283444	0.325713	0.34894	0.872019	0.875437	0.875018	0.881409	1.08708
2.2	1.30442	0.726717	0.276659	0.318118	0.342114	0.865508	0.869139	0.868683	0.882112	1.08676
2.3	1.29884	0.731872	0.270756	0.31139	0.336086	0.85902	0.862861	0.862366	0.882948	1.08634
2.4	1.29343	0.736835	0.26564	0.305442	0.330771	0.85256	0.856607	0.856073	0.883895	1.08584
2.5	1.28817	0.741619	0.261225	0.300196	0.326095	0.846133	0.850381	0.849807	0.884936	1.08528
2.6	1.28306	0.746236	0.257436	0.29558	0.321988	0.839743	0.844186	0.843573	0.886055	1.08465
2.7	1.27809	0.750697	0.254205	0.291533	0.318391	0.833393	0.838026	0.837373	0.887238	1.08398
2.8	1.27325	0.75501	0.25147	0.287995	0.31525	0.827086	0.831903	0.831211	0.888473	1.08326
2.9	1.26855	0.759186	0.249178	0.284916	0.312516	0.820824	0.825819	0.825088	0.889751	1.08252
3	1.26397	0.763232	0.24728	0.282248	0.310145	0.814611	0.819779	0.819008	0.891061	1.08174
3.1	1.25951	0.767155	0.24573	0.27995	0.308097	0.808447	0.813782	0.812972	0.892396	1.08094
3.2	1.25516	0.770962	0.244492	0.277983	0.306339	0.802336	0.807831	0.806983	0.893749	1.08013
3.3	1.25093	0.774659	0.243529	0.276312	0.304838	0.796277	0.801928	0.801041	0.895115	1.0793
3.4	1.2468	0.778252	0.24281	0.274908	0.303566	0.790272	0.796074	0.795148	0.896488	1.07846
3.5	1.24277	0.781745	0.242307	0.273741	0.302498	0.784323	0.79027	0.789306	0.897864	1.07762
3.6	1.23885	0.785144	0.241995	0.272788	0.301611	0.778431	0.784516	0.783514	0.899239	1.07677
3.7	1.23502	0.788453	0.241852	0.272024	0.300886	0.772595	0.778814	0.777775	0.900611	1.07592
3.8	1.23128	0.791675	0.241857	0.271431	0.300304	0.766816	0.773164	0.772088	0.901975	1.07507
3.9	1.22763	0.794815	0.241993	0.270988	0.299848	0.761096	0.767568	0.766455	0.903331	1.07422
4	1.22407	0.797876	0.242243	0.270681	0.299505	0.755433	0.762024	0.760875	0.904675	1.07338
4.1	1.22059	0.800861	0.242594	0.270493	0.29926	0.749829	0.756534	0.755349	0.906007	1.07254
4.2	1.2172	0.803774	0.243032	0.270412	0.299104	0.744283	0.751098	0.749878	0.907324	1.07171
4.3	1.21388	0.806617	0.243546	0.270425	0.299024	0.738795	0.745715	0.74446	0.908626	1.07088
4.4	1.21064	0.809392	0.244126	0.270521	0.299013	0.733366	0.740387	0.739097	0.909911	1.07006
4.5	1.20747	0.812103	0.244763	0.270691	0.29906	0.727994	0.735112	0.733789	0.911179	1.06925
4.6	1.20438	0.814752	0.245449	0.270926	0.299161	0.722681	0.729891	0.728535	0.912429	1.06844
4.7	1.20135	0.81734	0.246176	0.271218	0.299306	0.717425	0.724724	0.723335	0.913661	1.06765
4.8	1.19839	0.81987	0.246938	0.27156	0.299491	0.712226	0.71961	0.718189	0.914874	1.06686
4.9	1.1955	0.822345	0.24773	0.271946	0.29971	0.707084	0.71455	0.713097	0.916068	1.06609
5	1.19267	0.824765	0.248545	0.272369	0.299959	0.701999	0.709542	0.708058	0.917242	1.06532
5.1	1.1899	0.827132	0.249381	0.272825	0.300233	0.696969	0.704588	0.703073	0.918398	1.06457
5.2	1.18719	0.829449	0.250233	0.273309	0.300529	0.691996	0.699685	0.69814	0.919533	1.06382
5.3	1.18455	0.831717	0.251096	0.273817	0.300843	0.687077	0.694835	0.69326	0.92065	1.06309
5.4	1.18195	0.833937	0.251969	0.274345	0.301173	0.682213	0.690036	0.688433	0.921747	1.06236
5.5	1.17941	0.836111	0.252848	0.27489	0.301515	0.677404	0.685288	0.683657	0.922824	1.06165
5.6	1.17693	0.83824	0.253731	0.27545	0.301868	0.672648	0.680592	0.678932	0.923883	1.06095
5.7	1.1745	0.840325	0.254616	0.27602	0.302229	0.667945	0.675945	0.674259	0.924923	1.06025
5.8	1.17212	0.842369	0.255501	0.2766	0.302596	0.663295	0.671349	0.669636	0.925944	1.05957
5.9	1.16979	0.844371	0.256384	0.277187	0.302968	0.658697	0.666802	0.665063	0.926946	1.0589
6	1.1675	0.846334	0.257264	0.277779	0.303344	0.654151	0.662305	0.66054	0.92793	1.05823
6.1	1.16526	0.848258	0.258139	0.278375	0.303722	0.649656	0.657856	0.656066	0.928896	1.05758
6.2	1.16307	0.850144	0.259009	0.278972	0.304101	0.645211	0.653455	0.65164	0.929844	1.05694
6.3	1.16092	0.851994	0.259872	0.27957	0.30448	0.640816	0.649101	0.647263	0.930775	1.05631
6.4	1.15882	0.853808	0.260728	0.280168	0.304858	0.636471	0.644795	0.642933	0.931689	1.05568
6.5	1.15676	0.855588	0.261576	0.280765	0.305235	0.632174	0.640536	0.638651	0.932586	1.05507
6.6	1.15473	0.857334	0.262415	0.281359	0.30561	0.627926	0.636322	0.634416	0.933466	1.05447
6.7	1.15275	0.859047	0.263245	0.28195	0.305982	0.623725	0.632155	0.630227	0.93433	1.05387
6.8	1.15081	0.860727	0.264065	0.282537	0.306351	0.619572	0.628033	0.626083	0.935178	1.05329
6.9	1.1489	0.862377	0.264876	0.28312	0.306717	0.615465	0.623955	0.621985	0.93601	1.05271
7	1.14703	0.863997	0.265676	0.283699	0.307078	0.611404	0.619922	0.617932	0.936827	1.05214
7.1	1.1452	0.865587	0.266466	0.284271	0.307436	0.607389	0.615933	0.613923	0.937629	1.05158
7.2	1.1434	0.867148	0.267246	0.284839	0.307789	0.60342	0.611987	0.609958	0.938416	1.05103
7.3	1.14164	0.86868	0.268014	0.2854	0.308137	0.599494	0.608084	0.606037	0.939188	1.05049
7.4	1.13991	0.870186	0.268772	0.285955	0.308481	0.595613	0.604224	0.602158	0.939947	1.04996
7.5	1.13821	0.871664	0.269519	0.286503	0.308819	0.591775	0.600405	0.598322	0.940691	1.04943
7.6	1.13654	0.873117	0.270255	0.287045	0.309153	0.58798	0.596628	0.594528	0.941422	1.04892
7.7	1.13491	0.874544	0.270981	0.28758	0.309481	0.584228	0.592892	0.590775	0.94214	1.04841
7.8	1.1333	0.875946	0.271695	0.288108	0.309805	0.580518	0.589197	0.587063	0.942845	1.04791
7.9	1.13173	0.877324	0.272399	0.288628	0.310123	0.576849	0.585542	0.583392	0.943537	1.04741
8	1.13018	0.878678	0.273092	0.289142	0.310436	0.573222	0.581926	0.579762	0.944216	1.04693
8.1	1.12866	0.880009	0.273774	0.289649	0.310743	0.569635	0.57835	0.57617	0.944884	1.04645
8.2	1.12717	0.881317	0.274446	0.290148	0.311046	0.566088	0.574812	0.572618	0.945539	1.04597
8.3	1.1257	0.882603	0.275107	0.29064	0.311343	0.56258	0.571313	0.569105	0.946183	1.04551
8.4	1.12427	0.883867	0.275758	0.291125	0.311635	0.559112	0.567852	0.565631	0.946815	1.04505
8.5	1.12285	0.885111	0.276399	0.291603	0.311922	0.555682	0.564428	0.562194	0.947437	1.0446
8.6	1.12146	0.886333	0.277029	0.292074	0.312204	0.552291	0.561041	0.558795	0.948047	1.04416
8.7	1.1201	0.887536	0.27765	0.292538	0.31248	0.548937	0.557691	0.555433	0.948646	1.04372
8.8	1.11876	0.888719	0.278261	0.292994	0.312752	0.545621	0.554378	0.552107	0.949235	1.04329
8.9	1.11744	0.889882	0.278862	0.293444	0.313019	0.542342	0.5511	0.548818	0.949814	1.04286
9	1.11614	0.891027	0.279454	0.293887	0.313281	0.539099	0.547858	0.545565	0.950383	1.04245
9.1	1.11487	0.892153	0.280037	0.294323	0.313539	0.535892	0.54465	0.542347	0.950942	1.04203
9.2	1.11362	0.893261	0.28061	0.294752	0.313792	0.532721	0.541478	0.539164	0.951492	1.04163
9.3	1.11239	0.894351	0.281174	0.295175	0.31404	0.529585	0.53834	0.536016	0.952032	1.04123
9.4	1.11118	0.895425	0.28173	0.295591	0.314284	0.526484	0.535235	0.532902	0.952563	1.04083
9.5	1.10999	0.896481	0.282276	0.296001	0.314523	0.523417	0.532164	0.529822	0.953085	1.04044
9.6	1.10882	0.897521	0.282814	0.296404	0.314758	0.520384	0.529127	0.526776	0.953598	1.04006
9.7	1.10767	0.898544	0.283344	0.296801	0.314988	0.517385	0.526122	0.523762	0.954103	1.03968
9.8	1.10654	0.899552	0.283866	0.297192	0.315215	0.514419	0.523149	0.520782	0.954599	1.03931
9.9	1.10543	0.900544	0.284379	0.297577	0.315437	0.511486	0.520209	0.517834	0.955087	1.03894
10	1.10433	0.901521	0.284884	0.297956	0.315656	0.508585	0.5173	0.514918	0.955567	1.03858
10.1	1.10325	0.902483	0.285382	0.298329	0.31587	0.505716	0.514423	0.512033	0.956039	1.03822
