0	3	0	0	0	1	0
0.1	2.898	0.102	0	0	0.898	0.102
0.2	2.80109	0.14923	0.0496847	0	0.801085	0.198915
0.3	2.70948	0.246898	0.0416337	0.00198384	0.707501	0.292499
0.4	2.62353	0.292295	0.0807817	0.00339862	0.620127	0.379873
0.5	2.54342	0.365164	0.0831965	0.00822057	0.535199	0.464801
0.6	2.46962	0.412016	0.105105	0.0132612	0.456356	0.543644
0.7	2.40238	0.461939	0.114808	0.0208682	0.381516	0.618484
0.8	2.34216	0.500838	0.12737	0.0296333	0.312526	0.687474
0.9	2.28925	0.534173	0.136632	0.0399407	0.249313	0.750687
1	2.24397	0.559941	0.144828	0.0512599	0.192711	0.807289
1.1	2.20646	0.578867	0.151388	0.0632831	0.143178	0.856822
1.2	2.17669	0.591163	0.156631	0.0755204	0.101165	0.898835
1.3	2.15432	0.597542	0.160732	0.0874042	0.0669178	0.933082
1.4	2.13871	0.599034	0.16401	0.0982429	0.0404702	0.95953
1.5	2.12885	0.597053	0.16685	0.107251	0.0215952	0.978405
1.6	2.1234	0.593311	0.169575	0.113712	0.00969031	0.99031
1.7	2.12091	0.589547	0.172144	0.117404	0.00350205	0.996498
1.8	2.11999	0.586972	0.174069	0.118966	0.00102702	0.998973
1.9	2.11972	0.585754	0.175061	0.119461	0.000263323	0.999737
2	2.11966	0.585335	0.175418	0.119591	6.3797e-05	0.999936
2.1	2.11964	0.585219	0.17552	0.119623	1.51865e-05	0.999985
2.2	2.11963	0.585189	0.175546	0.119631	3.59825e-06	0.999996
2.3	2.11963	0.585182	0.175552	0.119632	8.51584e-07	0.999999
2.4	2.11963	0.58518	0.175554	0.119633	2.01486e-07	1
2.5	2.11963	0.58518	0.175554	0.119633	4.76688e-08	1
2.6	2.11963	0.58518	0.175554	0.119633	1.12776e-08	1
2.7	2.11963	0.58518	0.175554	0.119633	2.66807e-09	1
2.8	2.11963	0.58518	0.175554	0.119633	6.31215e-10	1
2.9	2.11963	0.58518	0.175554	0.119633	1.49334e-10	1
3	2.11963	0.58518	0.175554	0.119633	3.53296e-11	1
3.1	2.11963	0.58518	0.175554	0.119633	8.35831e-12	1
3.2	2.11963	0.58518	0.175554	0.119633	1.97742e-12	1
3.3	2.11963	0.58518	0.175554	0.119633	4.6782e-13	1
3.4	2.11963	0.58518	0.175554	0.119633	1.10678e-13	1
3.5	2.11963	0.58518	0.175554	0.119633	2.61842e-14	1
3.6	2.11963	0.58518	0.175554	0.119633	6.1947e-15	1
3.7	2.11963	0.58518	0.175554	0.119633	1.46555e-15	1
3.8	2.11963	0.58518	0.175554	0.119633	3.46721e-16	1
3.9	2.11963	0.58518	0.175554	0.119633	8.20278e-17	1
4	2.11963	0.58518	0.175554	0.119633	1.94062e-17	1
4.1	2.11963	0.58518	0.175554	0.119633	4.59115e-18	1
4.2	2.11963	0.58518	0.175554	0.119633	1.08618e-18	1
4.3	2.11963	0.58518	0.175554	0.119633	2.5697e-19	1
4.4	2.11963	0.58518	0.175554	0.119633	6.07942e-20	1
4.5	2.11963	0.58518	0.175554	0.119633	1.43828e-20	1
4.6	2.11963	0.58518	0.175554	0.119633	3.40269e-21	1
4.7	2.11963	0.58518	0.175554	0.119633	8.05013e-22	1
4.8	2.11963	0.58518	0.175554	0.119633	1.90451e-22	1
4.9	2.11963	0.58518	0.175554	0.119633	4.50572e-23	1
5	2.11963	0.58518	0.175554	0.119633	1.06597e-23	1
5.1	2.11963	0.58518	0.175554	0.119633	2.52188e-24	1
5.2	2.11963	0.58518	0.175554	0.119633	5.96629e-25	1
5.3	2.11963	0.58518	0.175554	0.119633	1.41151e-25	1
5.4	2.11963	0.58518	0.175554	0.119633	3.33937e-26	1
5.5	2.11963	0.58518	0.175554	0.119633	7.90033e-27	1
5.6	2.11963	0.58518	0.175554	0.119633	1.86907e-27	1
5.7	2.11963	0.58518	0.175554	0.119633	4.42187e-28	1
5.8	2.11963	0.58518	0.175554	0.119633	1.04613e-28	1
5.9	2.11963	0.58518	0.175554	0.119633	2.47495e-29	1
6	2.11963	0.58518	0.175554	0.119633	5.85527e-30	1
6.1	2.11963	0.58518	0.175554	0.119633	1.38525e-30	1
6.2	2.11963	0.58518	0.175554	0.119633	3.27723e-31	1
6.3	2.11963	0.58518	0.175554	0.119633	7.75332e-32	1
6.4	2.11963	0.58518	0.175554	0.119633	1.83429e-32	1
6.5	2.11963	0.58518	0.175554	0.119633	4.33959e-33	1
6.6	2.11963	0.58518	0.175554	0.119633	1.02666e-33	1
6.7	2.11963	0.58518	0.175554	0.119633	2.4289e-34	1
6.8	2.11963	0.58518	0.175554	0.119633	5.74631e-35	1
6.9	2.11963	0.58518	0.175554	0.119633	1.35947e-35	1
7	2.11963	0.58518	0.175554	0.119633	3.21625e-36	1
7.1	2.11963	0.58518	0.175554	0.119633	7.60904e-37	1
7.2	2.11963	0.58518	0.175554	0.119633	1.80016e-37	1
7.3	2.11963	0.58518	0.175554	0.119633	4.25883e-38	1
7.4	2.11963	0.58518	0.175554	0.119633	1.00756e-38	1
7.5	2.11963	0.58518	0.175554	0.119633	2.3837e-39	1
7.6	2.11963	0.58518	0.175554	0.119633	5.63938e-40	1
7.7	2.11963	0.58518	0.175554	0.119633	1.33417e-40	1
7.8	2.11963	0.58518	0.175554	0.119633	3.1564e-41	1
7.9	2.11963	0.58518	0.175554	0.119633	7.46745e-42	1
8	2.11963	0.58518	0.175554	0.119633	1.76666e-42	1
8.1	2.11963	0.58518	0.175554	0.119633	4.17958e-43	1
8.2	2.11963	0.58518	0.175554	0.119633	9.88811e-44	1
8.3	2.11963	0.58518	0.175554	0.119633	2.33934e-44	1
8.4	2.11963	0.58518	0.175554	0.119633	5.53444e-45	1
8.5	2.11963	0.58518	0.175554	0.119633	1.30935e-45	1
8.6	2.11963	0.58518	0.175554	0.119633	3.09767e-46	1
8.7	2.11963	0.58518	0.175554	0.119633	7.3285e-47	1
8.8	2.11963	0.58518	0.175554	0.119633	1.73378e-47	1
8.9	2.11963	0.58518	0.175554	0.119633	4.10181e-48	1
9	2.11963	0.58518	0.175554	0.119633	9.70411e-49	1
9.1	2.11963	0.58518	0.175554	0.119633	2.29581e-49	1
9.2	2.11963	0.58518	0.175554	0.119633	5.43146e-50	1
9.3	2.11963	0.58518	0.175554	0.119633	1.28498e-50	1
9.4	2.11963	0.58518	0.175554	0.119633	3.04002e-51	1
9.5	2.11963	0.58518	0.175554	0.119633	7.19212e-52	1
9.6	2.11963	0.58518	0.175554	0.119633	1.70152e-52	1
9.7	2.11963	0.58518	0.175554	0.119633	4.02548e-53	1
9.8	2.11963	0.58518	0.175554	0.119633	9.52353e-54	1
9.9	2.11963	0.58518	0.175554	0.119633	2.25309e-54	1
10	2.11963	0.58518	0.175554	0.119633	5.33039e-55	1
10.1	2.11963	0.58518	0.175554	0.119633	1.26107e-55	1
