0	5	0	0	0	1	0
0.1	4.87857	0.121429	0	0	0.878571	0.121429
0.2	4.76331	0.177909	0.0587803	0	0.76331	0.23669
0.3	4.6548	0.292786	0.0497075	0.00270933	0.652088	0.347912
0.4	4.55384	0.348285	0.0931984	0.00467353	0.549169	0.450831
0.5	4.4611	0.429872	0.0981453	0.0108829	0.450217	0.549783
0.6	4.37768	0.483842	0.120879	0.0176008	0.360078	0.639922
0.7	4.3044	0.53586	0.132593	0.0271475	0.277252	0.722748
0.8	4.2423	0.574408	0.145252	0.0380452	0.20425	0.79575
0.9	4.19203	0.60302	0.154699	0.050247	0.141787	0.858213
1	4.15389	0.620864	0.162329	0.0629132	0.0909812	0.909019
1.1	4.1274	0.629277	0.168185	0.0751425	0.0522533	0.947747
1.2	4.11114	0.630234	0.172903	0.0857199	0.0254236	0.974576
1.3	4.10284	0.626685	0.177156	0.0933156	0.00952727	0.990473
1.4	4.09964	0.622026	0.181108	0.0972284	0.00240899	0.997591
1.5	4.09882	0.618901	0.183858	0.0984261	0.000389517	0.99961
1.6	4.09868	0.617742	0.184941	0.0986345	4.7746e-05	0.999952
1.7	4.09867	0.617487	0.185186	0.0986605	5.37787e-06	0.999995
1.8	4.09866	0.617447	0.185226	0.0986634	5.96207e-07	0.999999
1.9	4.09866	0.617441	0.185231	0.0986637	6.59441e-08	1
2	4.09866	0.61744	0.185232	0.0986638	7.29161e-09	1
2.1	4.09866	0.61744	0.185232	0.0986638	8.06223e-10	1
2.2	4.09866	0.61744	0.185232	0.0986638	8.91425e-11	1
2.3	4.09866	0.61744	0.185232	0.0986638	9.85631e-12	1
2.4	4.09866	0.61744	0.185232	0.0986638	1.08979e-12	1
2.5	4.09866	0.61744	0.185232	0.0986638	1.20496e-13	1
2.6	4.09866	0.61744	0.185232	0.0986638	1.3323e-14	1
2.7	4.09866	0.61744	0.185232	0.0986638	1.4731e-15	1
2.8	4.09866	0.61744	0.185232	0.0986638	1.62878e-16	1
2.9	4.09866	0.61744	0.185232	0.0986638	1.80091e-17	1
3	4.09866	0.61744	0.185232	0.0986638	1.99123e-18	1
3.1	4.09866	0.61744	0.185232	0.0986638	2.20166e-19	1
3.2	4.09866	0.61744	0.185232	0.0986638	2.43433e-20	1
3.3	4.09866	0.61744	0.185232	0.0986638	2.69159e-21	1
3.4	4.09866	0.61744	0.185232	0.0986638	2.97604e-22	1
3.5	4.09866	0.61744	0.185232	0.0986638	3.29055e-23	1
3.6	4.09866	0.61744	0.185232	0.0986638	3.6383e-24	1
3.7	4.09866	0.61744	0.185232	0.0986638	4.02279e-25	1
3.8	4.09866	0.61744	0.185232	0.0986638	4.44792e-26	1
3.9	4.09866	0.61744	0.185232	0.0986638	4.91798e-27	1
4	4.09866	0.61744	0.185232	0.0986638	5.43771e-28	1
4.1	4.09866	0.61744	0.185232	0.0986638	6.01237e-29	1
4.2	4.09866	0.61744	0.185232	0.0986638	6.64776e-30	1
4.3	4.09866	0.61744	0.185232	0.0986638	7.3503e-31	1
4.4	4.09866	0.61744	0.185232	0.0986638	8.12708e-32	1
4.5	4.09866	0.61744	0.185232	0.0986638	8.98595e-33	1
4.6	4.09866	0.61744	0.185232	0.0986638	9.93558e-34	1
4.7	4.09866	0.61744	0.185232	0.0986638	1.09856e-34	1
4.8	4.09866	0.61744	0.185232	0.0986638	1.21465e-35	1
4.9	4.09866	0.61744	0.185232	0.0986638	1.34302e-36	1
5	4.09866	0.61744	0.185232	0.0986638	1.48495e-37	1
5.1	4.09866	0.61744	0.185232	0.0986638	1.64188e-38	1
5.2	4.09866	0.61744	0.185232	0.0986638	1.81539e-39	1
5.3	4.09866	0.61744	0.185232	0.0986638	2.00724e-40	1
5.4	4.09866	0.61744	0.185232	0.0986638	2.21937e-41	1
5.5	4.09866	0.61744	0.185232	0.0986638	2.45391e-42	1
5.6	4.09866	0.61744	0.185232	0.0986638	2.71324e-43	1
5.7	4.09866	0.61744	0.185232	0.0986638	2.99998e-44	1
5.8	4.09866	0.61744	0.185232	0.0986638	3.31702e-45	1
5.9	4.09866	0.61744	0.185232	0.0986638	3.66756e-46	1
6	4.09866	0.61744	0.185232	0.0986638	4.05515e-47	1
6.1	4.09866	0.61744	0.185232	0.0986638	4.4837e-48	1
6.2	4.09866	0.61744	0.185232	0.0986638	4.95754e-49	1
6.3	4.09866	0.61744	0.185232	0.0986638	5.48145e-50	1
6.4	4.09866	0.61744	0.185232	0.0986638	6.06073e-51	1
6.5	4.09866	0.61744	0.185232	0.0986638	6.70123e-52	1
6.6	4.09866	0.61744	0.185232	0.0986638	7.40941e-53	1
6.7	4.09866	0.61744	0.185232	0.0986638	8.19244e-54	1
6.8	4.09866	0.61744	0.185232	0.0986638	9.05822e-55	1
6.9	4.09866	0.61744	0.185232	0.0986638	1.00155e-55	1
7	4.09866	0.61744	0.185232	0.0986638	1.10739e-56	1
7.1	4.09866	0.61744	0.185232	0.0986638	1.22442e-57	1
7.2	4.09866	0.61744	0.185232	0.0986638	1.35382e-58	1
7.3	4.09866	0.61744	0.185232	0.0986638	1.49689e-59	1
7.4	4.09866	0.61744	0.185232	0.0986638	1.65508e-60	1
7.5	4.09866	0.61744	0.185232	0.0986638	1.82999e-61	1
7.6	4.09866	0.61744	0.185232	0.0986638	2.02339e-62	1
7.7	4.09866	0.61744	0.185232	0.0986638	2.23722e-63	1
7.8	4.09866	0.61744	0.185232	0.0986638	2.47365e-64	1
7.9	4.09866	0.61744	0.185232	0.0986638	2.73507e-65	1
8	4.09866	0.61744	0.185232	0.0986638	3.02411e-66	1
8.1	4.09866	0.61744	0.185232	0.0986638	3.3437e-67	1
8.2	4.09866	0.61744	0.185232	0.0986638	3.69706e-68	1
8.3	4.09866	0.61744	0.185232	0.0986638	4.08776e-69	1
8.4	4.09866	0.61744	0.185232	0.0986638	4.51976e-70	1
8.5	4.09866	0.61744	0.185232	0.0986638	4.99741e-71	1
8.6	4.09866	0.61744	0.185232	0.0986638	5.52554e-72	1
8.7	4.09866	0.61744	0.185232	0.0986638	6.10947e-73	1
8.8	4.09866	0.61744	0.185232	0.0986638	6.75512e-74	1
8.9	4.09866	0.61744	0.185232	0.0986638	7.46901e-75	1
9	4.09866	0.61744	0.185232	0.0986638	8.25833e-76	1
9.1	4.09866	0.61744	0.185232	0.0986638	9.13108e-77	1
9.2	4.09866	0.61744	0.185232	0.0986638	1.0096e-77	1
9.3	4.09866	0.61744	0.185232	0.0986638	1.1163e-78	1
9.4	4.09866	0.61744	0.185232	0.0986638	1.23427e-79	1
9.5	4.09866	0.61744	0.185232	0.0986638	1.36471e-80	1
9.6	4.09866	0.61744	0.185232	0.0986638	1.50893e-81	1
9.7	4.09866	0.61744	0.185232	0.0986638	1.6684e-82	1
9.8	4.09866	0.61744	0.185232	0.0986638	1.84471e-83	1
9.9	4.09866	0.61744	0.185232	0.0986638	2.03966e-84	1
10	4.09866	0.61744	0.185232	0.0986638	2.25521e-85	1
10.1	4.09866	0.61744	0.185232	0.0986638	2.49354e-86	1
