0	2	2	1	1	1	1	1	1	1	1
0.1	1.975	1.975	0.919048	0.916667	0.916667	0.995	0.995	0.995	1.025	1.025
0.2	1.95137	1.95137	0.846534	0.842087	0.842087	0.989839	0.989833	0.989833	1.04863	1.04863
0.3	1.92903	1.92903	0.781603	0.775369	0.775369	0.984525	0.984506	0.984506	1.07097	1.07097
0.4	1.90791	1.90791	0.723483	0.715712	0.715712	0.979067	0.979028	0.979028	1.09209	1.09209
0.5	1.88794	1.88794	0.671481	0.662393	0.662393	0.973474	0.973409	0.973409	1.11206	1.11206
0.6	1.86906	1.86906	0.624973	0.614766	0.614766	0.967757	0.96766	0.96766	1.13094	1.13094
0.7	1.85121	1.8512	0.583398	0.572246	0.572246	0.961925	0.96179	0.96179	1.1488	1.14879
0.8	1.83432	1.83431	0.54625	0.534309	0.534309	0.95599	0.955812	0.955812	1.16569	1.16568
0.9	1.81834	1.81833	0.513076	0.500483	0.500483	0.949963	0.949736	0.949736	1.18167	1.18166
1	1.80322	1.80321	0.483466	0.470345	0.470345	0.943854	0.943574	0.943574	1.19679	1.19678
1.1	1.78892	1.7889	0.457053	0.443514	0.443514	0.937675	0.937338	0.937338	1.2111	1.21108
1.2	1.77538	1.77536	0.433507	0.419646	0.419646	0.931435	0.931037	0.931037	1.22464	1.22463
1.3	1.76256	1.76253	0.412532	0.398433	0.398433	0.925145	0.924682	0.924682	1.23747	1.23745
1.4	1.75042	1.75039	0.39386	0.3796	0.3796	0.918814	0.918285	0.918285	1.24961	1.24958
1.5	1.73892	1.73888	0.377251	0.362897	0.362897	0.912451	0.911853	0.911853	1.26111	1.26108
1.6	1.72803	1.72799	0.36249	0.348101	0.3481	0.906066	0.905397	0.905397	1.27201	1.27198
1.7	1.7177	1.71766	0.349384	0.33501	0.33501	0.899666	0.898926	0.898926	1.28234	1.2823
1.8	1.70792	1.70787	0.337759	0.323446	0.323445	0.893258	0.892446	0.892446	1.29213	1.29209
1.9	1.69864	1.69858	0.327458	0.313245	0.313244	0.886851	0.885965	0.885965	1.30141	1.30136
2	1.68984	1.68978	0.318342	0.304263	0.304262	0.880449	0.879491	0.879491	1.31022	1.31017
2.1	1.68149	1.68142	0.310284	0.296369	0.296367	0.874059	0.873029	0.873029	1.31857	1.31851
2.2	1.67357	1.67349	0.303173	0.289446	0.289444	0.867687	0.866585	0.866585	1.3265	1.32644
2.3	1.66605	1.66597	0.296906	0.283389	0.283387	0.861336	0.860164	0.860164	1.33402	1.33396
2.4	1.65891	1.65882	0.291393	0.278104	0.278102	0.855012	0.85377	0.85377	1.34117	1.3411
2.5	1.65213	1.65203	0.286553	0.273506	0.273505	0.848719	0.847408	0.847408	1.34796	1.34789
2.6	1.64568	1.64558	0.282312	0.269521	0.269519	0.842459	0.841082	0.841082	1.35441	1.35433
2.7	1.63956	1.63944	0.278605	0.266079	0.266078	0.836236	0.834794	0.834794	1.36054	1.36046
2.8	1.63373	1.63361	0.275374	0.263121	0.263119	0.830052	0.828548	0.828548	1.36637	1.36629
2.9	1.62819	1.62807	0.272566	0.260592	0.26059	0.823911	0.822345	0.822345	1.37191	1.37183
3	1.62292	1.62279	0.270134	0.258443	0.258441	0.817814	0.816189	0.816189	1.37719	1.3771
3.1	1.6179	1.61777	0.268036	0.256631	0.256628	0.811762	0.810081	0.810081	1.38221	1.38212
3.2	1.61313	1.61299	0.266234	0.255116	0.255114	0.805758	0.804022	0.804022	1.38698	1.3869
3.3	1.60858	1.60844	0.264695	0.253865	0.253862	0.799803	0.798015	0.798015	1.39154	1.39145
3.4	1.60425	1.6041	0.263389	0.252845	0.252842	0.793898	0.792059	0.792059	1.39587	1.39578
3.5	1.60012	1.59997	0.262288	0.252029	0.252026	0.788044	0.786157	0.786157	1.4	1.39991
3.6	1.59619	1.59603	0.261369	0.251393	0.251389	0.782242	0.780308	0.780308	1.40394	1.40385
3.7	1.59244	1.59227	0.26061	0.250913	0.25091	0.776491	0.774514	0.774514	1.40769	1.4076
3.8	1.58886	1.58869	0.259993	0.250571	0.250568	0.770794	0.768775	0.768775	1.41127	1.41118
3.9	1.58544	1.58527	0.259499	0.250349	0.250346	0.765149	0.763091	0.763091	1.41469	1.4146
4	1.58218	1.58201	0.259115	0.250232	0.250228	0.759558	0.757462	0.757462	1.41795	1.41786
4.1	1.57907	1.57889	0.258825	0.250204	0.250201	0.75402	0.751889	0.751889	1.42107	1.42097
4.2	1.5761	1.57592	0.258619	0.250255	0.250251	0.748536	0.746371	0.746371	1.42404	1.42395
4.3	1.57326	1.57307	0.258486	0.250373	0.250369	0.743106	0.740909	0.740909	1.42688	1.42679
4.4	1.57055	1.57036	0.258416	0.250548	0.250544	0.737729	0.735502	0.735502	1.42959	1.4295
4.5	1.56795	1.56776	0.2584	0.250772	0.250768	0.732405	0.730151	0.730151	1.43219	1.4321
4.6	1.56547	1.56528	0.258431	0.251037	0.251033	0.727134	0.724854	0.724854	1.43467	1.43458
4.7	1.5631	1.5629	0.258502	0.251336	0.251332	0.721916	0.719612	0.719612	1.43704	1.43695
4.8	1.56083	1.56063	0.258608	0.251664	0.25166	0.716751	0.714425	0.714425	1.43931	1.43922
4.9	1.55866	1.55846	0.258743	0.252014	0.252011	0.711638	0.709291	0.709291	1.44148	1.4414
5	1.55658	1.55638	0.258902	0.252384	0.25238	0.706578	0.704211	0.704211	1.44356	1.44348
5.1	1.55459	1.55438	0.259082	0.252768	0.252764	0.701568	0.699184	0.699184	1.44555	1.44547
5.2	1.55268	1.55248	0.25928	0.253163	0.253159	0.69661	0.69421	0.69421	1.44746	1.44738
5.3	1.55086	1.55065	0.25949	0.253566	0.253563	0.691703	0.689288	0.689288	1.44929	1.44921
5.4	1.5491	1.54889	0.259712	0.253975	0.253971	0.686847	0.684418	0.684418	1.45104	1.45096
5.5	1.54742	1.54721	0.259943	0.254386	0.254382	0.68204	0.679599	0.679599	1.45272	1.45264
5.6	1.54581	1.5456	0.26018	0.254798	0.254794	0.677283	0.674831	0.674831	1.45433	1.45425
5.7	1.54427	1.54406	0.260421	0.255209	0.255206	0.672574	0.670113	0.670114	1.45587	1.4558
5.8	1.54279	1.54257	0.260666	0.255618	0.255615	0.667915	0.665446	0.665446	1.45736	1.45728
5.9	1.54136	1.54115	0.260912	0.256023	0.25602	0.663303	0.660827	0.660827	1.45878	1.45871
6	1.54	1.53979	0.261158	0.256424	0.25642	0.658739	0.656257	0.656257	1.46014	1.46007
6.1	1.53869	1.53847	0.261404	0.256819	0.256815	0.654223	0.651735	0.651736	1.46145	1.46139
6.2	1.53743	1.53721	0.261649	0.257207	0.257204	0.649753	0.647261	0.647262	1.46271	1.46265
6.3	1.53622	1.536	0.261891	0.257589	0.257586	0.645329	0.642835	0.642835	1.46392	1.46386
6.4	1.53506	1.53484	0.26213	0.257963	0.25796	0.640951	0.638455	0.638455	1.46508	1.46502
6.5	1.53394	1.53372	0.262366	0.258329	0.258326	0.636619	0.634121	0.634121	1.4662	1.46614
6.6	1.53286	1.53265	0.262598	0.258687	0.258684	0.632331	0.629832	0.629833	1.46727	1.46722
6.7	1.53183	1.53161	0.262825	0.259036	0.259033	0.628087	0.625589	0.625589	1.46831	1.46825
6.8	1.53083	1.53062	0.263048	0.259377	0.259374	0.623888	0.621391	0.621391	1.4693	1.46925
6.9	1.52988	1.52966	0.263267	0.259709	0.259706	0.619732	0.617236	0.617237	1.47025	1.4702
7	1.52896	1.52874	0.26348	0.260032	0.260029	0.615618	0.613126	0.613126	1.47117	1.47113
7.1	1.52807	1.52786	0.263688	0.260347	0.260344	0.611547	0.609058	0.609058	1.47206	1.47201
7.2	1.52722	1.527	0.263891	0.260652	0.260649	0.607519	0.605033	0.605034	1.47291	1.47287
7.3	1.5264	1.52618	0.264089	0.260949	0.260946	0.603531	0.601051	0.601051	1.47373	1.47369
7.4	1.5256	1.52539	0.264281	0.261237	0.261235	0.599585	0.59711	0.59711	1.47452	1.47448
7.5	1.52484	1.52463	0.264469	0.261517	0.261514	0.59568	0.59321	0.59321	1.47529	1.47525
7.6	1.5241	1.52389	0.26465	0.261788	0.261786	0.591814	0.589351	0.589351	1.47602	1.47598
7.7	1.5234	1.52319	0.264827	0.262051	0.262049	0.587989	0.585532	0.585532	1.47673	1.47669
7.8	1.52271	1.5225	0.264999	0.262306	0.262304	0.584203	0.581753	0.581753	1.47741	1.47738
7.9	1.52205	1.52184	0.265165	0.262553	0.262551	0.580456	0.578013	0.578014	1.47807	1.47804
8	1.52142	1.52121	0.265326	0.262792	0.26279	0.576747	0.574313	0.574313	1.4787	1.47867
8.1	1.5208	1.5206	0.265483	0.263023	0.263021	0.573077	0.570651	0.570651	1.47931	1.47929
8.2	1.52021	1.52	0.265635	0.263248	0.263246	0.569444	0.567027	0.567027	1.47991	1.47988
8.3	1.51964	1.51943	0.265781	0.263465	0.263463	0.565848	0.56344	0.563441	1.48048	1.48045
8.4	1.51909	1.51888	0.265924	0.263675	0.263673	0.562289	0.559891	0.559891	1.48103	1.481
8.5	1.51855	1.51835	0.266062	0.263878	0.263876	0.558767	0.556379	0.556379	1.48156	1.48154
8.6	1.51804	1.51784	0.266195	0.264075	0.264073	0.555281	0.552903	0.552903	1.48207	1.48205
8.7	1.51754	1.51734	0.266324	0.264265	0.264264	0.55183	0.549463	0.549463	1.48257	1.48255
8.8	1.51706	1.51686	0.266449	0.264449	0.264448	0.548415	0.546059	0.546059	1.48305	1.48303
8.9	1.5166	1.5164	0.26657	0.264628	0.264626	0.545035	0.542689	0.54269	1.48351	1.4835
9	1.51615	1.51595	0.266687	0.2648	0.264799	0.541689	0.539355	0.539355	1.48396	1.48394
9.1	1.51571	1.51552	0.266801	0.264967	0.264965	0.538378	0.536055	0.536055	1.48439	1.48438
9.2	1.51529	1.5151	0.26691	0.265128	0.265127	0.5351	0.532789	0.532789	1.48481	1.4848
9.3	1.51489	1.51469	0.267016	0.265284	0.265283	0.531856	0.529557	0.529557	1.48522	1.48521
9.4	1.51449	1.5143	0.267119	0.265435	0.265434	0.528645	0.526358	0.526358	1.48561	1.4856
9.5	1.51411	1.51392	0.267218	0.265581	0.26558	0.525466	0.523192	0.523192	1.48599	1.48598
9.6	1.51375	1.51355	0.267314	0.265722	0.265721	0.52232	0.520059	0.520059	1.48635	1.48635
9.7	1.51339	1.5132	0.267407	0.265859	0.265858	0.519206	0.516957	0.516958	1.48671	1.4867
9.8	1.51304	1.51285	0.267497	0.265991	0.26599	0.516124	0.513888	0.513888	1.48705	1.48705
9.9	1.51271	1.51252	0.267584	0.266119	0.266118	0.513073	0.51085	0.51085	1.48739	1.48738
10	1.51239	1.5122	0.267669	0.266243	0.266242	0.510054	0.507844	0.507844	1.48771	1.48771
10.1	1.51207	1.51189	0.26775	0.266363	0.266362	0.507065	0.504868	0.504868	1.48802	1.48802
