0	0.5	0.5	1	1	1	1	1	1	1	1
0.1	0.52	0.52	0.919048	0.944444	0.944444	0.995	0.995	0.995	0.98	0.98
0.2	0.538308	0.538308	0.847269	0.893259	0.893259	0.989839	0.989907	0.989907	0.961692	0.961692
0.3	0.555072	0.555071	0.783636	0.846109	0.846109	0.984527	0.984726	0.984726	0.944929	0.944928
0.4	0.570428	0.570424	0.727232	0.802683	0.802683	0.979075	0.979462	0.979462	0.929576	0.929572
0.5	0.584499	0.58449	0.677243	0.762695	0.762694	0.973495	0.97412	0.97412	0.91551	0.915501
0.6	0.597397	0.59738	0.632945	0.725877	0.725877	0.967798	0.968706	0.968706	0.90262	0.902604
0.7	0.609223	0.609196	0.593694	0.691985	0.691984	0.961996	0.963225	0.963225	0.890803	0.890778
0.8	0.620071	0.620032	0.558921	0.66079	0.660788	0.956101	0.957682	0.957682	0.879966	0.879931
0.9	0.630025	0.629973	0.528118	0.632081	0.632078	0.950126	0.952084	0.952084	0.870024	0.869978
1	0.639164	0.639096	0.500838	0.605664	0.605659	0.94408	0.946436	0.946436	0.860899	0.860841
1.1	0.647556	0.647472	0.476682	0.581359	0.581352	0.937977	0.940744	0.940744	0.852521	0.852451
1.2	0.655266	0.655166	0.455297	0.558998	0.558989	0.931825	0.935013	0.935013	0.844825	0.844743
1.3	0.662352	0.662235	0.43637	0.538428	0.538417	0.925635	0.929248	0.929248	0.837753	0.83766
1.4	0.668868	0.668733	0.419623	0.519507	0.519493	0.919417	0.923456	0.923456	0.831251	0.831147
1.5	0.674863	0.67471	0.404808	0.502103	0.502086	0.913179	0.91764	0.91764	0.825271	0.825156
1.6	0.680379	0.68021	0.391709	0.486096	0.486076	0.906928	0.911806	0.911806	0.819767	0.819644
1.7	0.685459	0.685273	0.38013	0.471374	0.47135	0.900674	0.905959	0.905959	0.8147	0.814569
1.8	0.690137	0.689936	0.3699	0.457833	0.457806	0.894421	0.900103	0.900103	0.810033	0.809894
1.9	0.694449	0.694232	0.360866	0.445379	0.44535	0.888177	0.894243	0.894243	0.805731	0.805587
2	0.698424	0.698194	0.352892	0.433925	0.433893	0.881947	0.888382	0.888382	0.801765	0.801617
2.1	0.702091	0.701848	0.345858	0.423391	0.423355	0.875736	0.882524	0.882524	0.798106	0.797955
2.2	0.705475	0.705219	0.339657	0.413701	0.413662	0.869549	0.876673	0.876674	0.794729	0.794576
2.3	0.7086	0.708333	0.334194	0.404788	0.404747	0.863389	0.870833	0.870833	0.79161	0.791457
2.4	0.711486	0.711209	0.329385	0.396589	0.396546	0.85726	0.865006	0.865007	0.788729	0.788576
2.5	0.714153	0.713867	0.325156	0.389046	0.389001	0.851165	0.859196	0.859196	0.786066	0.785914
2.6	0.716619	0.716325	0.32144	0.382107	0.38206	0.845107	0.853405	0.853405	0.783603	0.783453
2.7	0.718901	0.7186	0.318177	0.375722	0.375673	0.839088	0.847635	0.847636	0.781323	0.781176
2.8	0.721012	0.720705	0.315317	0.369846	0.369796	0.833111	0.84189	0.841891	0.779213	0.77907
2.9	0.722967	0.722655	0.312812	0.364439	0.364388	0.827177	0.836171	0.836172	0.777259	0.777119
3	0.724778	0.724462	0.310621	0.359462	0.35941	0.821288	0.83048	0.830481	0.775447	0.775313
3.1	0.726457	0.726137	0.308708	0.35488	0.354828	0.815445	0.824819	0.824821	0.773768	0.773639
3.2	0.728014	0.72769	0.307041	0.350662	0.350609	0.80965	0.819191	0.819192	0.77221	0.772086
3.3	0.729458	0.729132	0.30559	0.346778	0.346725	0.803902	0.813595	0.813596	0.770764	0.770646
3.4	0.730798	0.730471	0.304329	0.3432	0.343148	0.798204	0.808034	0.808035	0.769422	0.769309
3.5	0.732043	0.731715	0.303238	0.339905	0.339853	0.792555	0.802509	0.80251	0.768174	0.768068
3.6	0.733199	0.732871	0.302294	0.336869	0.336818	0.786956	0.79702	0.797022	0.767015	0.766915
3.7	0.734274	0.733945	0.301482	0.334072	0.334021	0.781408	0.79157	0.791572	0.765937	0.765844
3.8	0.735273	0.734945	0.300784	0.331493	0.331444	0.775911	0.786158	0.78616	0.764934	0.764847
3.9	0.736203	0.735876	0.300187	0.329116	0.329068	0.770464	0.780786	0.780788	0.764001	0.76392
4	0.737069	0.736743	0.299678	0.326925	0.326878	0.765068	0.775455	0.775457	0.763131	0.763057
4.1	0.737875	0.737551	0.299247	0.324903	0.324858	0.759723	0.770164	0.770166	0.762321	0.762253
4.2	0.738626	0.738303	0.298884	0.323039	0.322995	0.754429	0.764915	0.764917	0.761567	0.761504
4.3	0.739326	0.739005	0.29858	0.321318	0.321276	0.749186	0.759707	0.759709	0.760863	0.760806
4.4	0.739979	0.73966	0.298328	0.31973	0.31969	0.743993	0.754542	0.754544	0.760206	0.760155
4.5	0.740588	0.740272	0.298122	0.318264	0.318226	0.738851	0.749419	0.749421	0.759593	0.759548
4.6	0.741156	0.740843	0.297954	0.31691	0.316874	0.733759	0.744339	0.744342	0.759021	0.758981
4.7	0.741687	0.741376	0.297821	0.31566	0.315626	0.728717	0.739302	0.739305	0.758486	0.758451
4.8	0.742182	0.741875	0.297717	0.314505	0.314472	0.723725	0.734308	0.734311	0.757986	0.757956
4.9	0.742646	0.742342	0.297639	0.313437	0.313406	0.718782	0.729358	0.72936	0.757519	0.757494
5	0.743079	0.742778	0.297582	0.31245	0.312421	0.713888	0.724451	0.724453	0.757082	0.757062
5.1	0.743484	0.743187	0.297544	0.311537	0.31151	0.709042	0.719587	0.719589	0.756673	0.756657
5.2	0.743863	0.743569	0.297523	0.310692	0.310668	0.704245	0.714766	0.714769	0.75629	0.756278
5.3	0.744218	0.743927	0.297515	0.309911	0.309888	0.699495	0.709989	0.709992	0.755931	0.755924
5.4	0.74455	0.744263	0.297518	0.309187	0.309167	0.694793	0.705255	0.705258	0.755595	0.755591
5.5	0.744862	0.744578	0.297531	0.308518	0.308499	0.690138	0.700564	0.700567	0.75528	0.75528
5.6	0.745154	0.744874	0.297553	0.307897	0.30788	0.68553	0.695916	0.695919	0.754984	0.754988
5.7	0.745428	0.745151	0.297581	0.307322	0.307307	0.680968	0.691311	0.691314	0.754707	0.754714
5.8	0.745684	0.745411	0.297614	0.306789	0.306776	0.676452	0.686749	0.686752	0.754447	0.754457
5.9	0.745925	0.745656	0.297652	0.306295	0.306284	0.671981	0.682229	0.682232	0.754203	0.754216
6	0.746152	0.745885	0.297694	0.305837	0.305827	0.667555	0.677752	0.677754	0.753973	0.753989
6.1	0.746364	0.746101	0.297738	0.305412	0.305403	0.663173	0.673316	0.673319	0.753758	0.753777
6.2	0.746564	0.746305	0.297784	0.305017	0.30501	0.658836	0.668923	0.668925	0.753555	0.753576
6.3	0.746751	0.746496	0.297831	0.30465	0.304645	0.654542	0.664571	0.664573	0.753365	0.753388
6.4	0.746928	0.746676	0.29788	0.304309	0.304306	0.650291	0.66026	0.660263	0.753186	0.753211
6.5	0.747094	0.746845	0.297929	0.303993	0.303991	0.646083	0.655991	0.655993	0.753017	0.753045
6.6	0.74725	0.747004	0.297978	0.303699	0.303698	0.641918	0.651762	0.651764	0.752858	0.752888
6.7	0.747397	0.747155	0.298027	0.303425	0.303425	0.637795	0.647574	0.647576	0.752709	0.75274
6.8	0.747535	0.747296	0.298076	0.30317	0.303172	0.633713	0.643426	0.643428	0.752568	0.752601
6.9	0.747666	0.74743	0.298123	0.302933	0.302936	0.629672	0.639318	0.639321	0.752435	0.75247
7	0.747788	0.747556	0.298171	0.302712	0.302717	0.625672	0.63525	0.635252	0.75231	0.752346
7.1	0.747904	0.747675	0.298217	0.302507	0.302512	0.621712	0.631221	0.631224	0.752192	0.752229
7.2	0.748013	0.747787	0.298262	0.302315	0.302321	0.617792	0.627232	0.627234	0.75208	0.752119
7.3	0.748116	0.747893	0.298305	0.302136	0.302144	0.613911	0.623281	0.623283	0.751975	0.752015
7.4	0.748214	0.747994	0.298348	0.301969	0.301978	0.61007	0.619368	0.61937	0.751876	0.751917
7.5	0.748305	0.748088	0.298389	0.301814	0.301823	0.606267	0.615494	0.615496	0.751782	0.751824
7.6	0.748392	0.748178	0.298429	0.301669	0.301679	0.602502	0.611657	0.611659	0.751694	0.751736
7.7	0.748474	0.748263	0.298468	0.301533	0.301544	0.598776	0.607858	0.60786	0.75161	0.751654
7.8	0.748551	0.748343	0.298506	0.301406	0.301418	0.595087	0.604096	0.604098	0.751531	0.751575
7.9	0.748624	0.748419	0.298541	0.301288	0.3013	0.591435	0.600371	0.600373	0.751456	0.751501
8	0.748693	0.748491	0.298576	0.301177	0.30119	0.587819	0.596683	0.596685	0.751385	0.751431
8.1	0.748759	0.748559	0.298609	0.301073	0.301087	0.58424	0.593031	0.593033	0.751318	0.751364
8.2	0.74882	0.748623	0.298641	0.300976	0.300991	0.580697	0.589415	0.589416	0.751255	0.751302
8.3	0.748879	0.748684	0.298672	0.300886	0.3009	0.57719	0.585834	0.585836	0.751195	0.751242
8.4	0.748934	0.748742	0.298702	0.300801	0.300816	0.573718	0.582288	0.58229	0.751138	0.751185
8.5	0.748987	0.748797	0.29873	0.300721	0.300737	0.570281	0.578778	0.57878	0.751084	0.751132
8.6	0.749036	0.748849	0.298757	0.300646	0.300662	0.566878	0.575302	0.575304	0.751033	0.751081
8.7	0.749083	0.748899	0.298783	0.300576	0.300593	0.56351	0.571861	0.571862	0.750985	0.751033
8.8	0.749128	0.748946	0.298808	0.30051	0.300527	0.560175	0.568453	0.568455	0.750939	0.750987
8.9	0.74917	0.748991	0.298831	0.300448	0.300466	0.556874	0.565079	0.565081	0.750895	0.750944
9	0.74921	0.749033	0.298854	0.30039	0.300408	0.553606	0.561739	0.56174	0.750854	0.750903
9.1	0.749248	0.749073	0.298876	0.300336	0.300354	0.550371	0.558431	0.558433	0.750815	0.750864
9.2	0.749284	0.749112	0.298897	0.300285	0.300303	0.547168	0.555157	0.555158	0.750777	0.750826
9.3	0.749319	0.749148	0.298916	0.300236	0.300255	0.543998	0.551915	0.551916	0.750742	0.750791
9.4	0.749351	0.749183	0.298935	0.300191	0.30021	0.540859	0.548705	0.548706	0.750708	0.750758
9.5	0.749382	0.749216	0.298953	0.300148	0.300167	0.537752	0.545526	0.545528	0.750676	0.750726
9.6	0.749411	0.749247	0.298971	0.300108	0.300128	0.534676	0.54238	0.542381	0.750646	0.750695
9.7	0.749439	0.749277	0.298987	0.30007	0.30009	0.531631	0.539264	0.539265	0.750617	0.750666
9.8	0.749466	0.749306	0.299003	0.300035	0.300054	0.528616	0.53618	0.536181	0.75059	0.750639
9.9	0.749491	0.749333	0.299018	0.300001	0.300021	0.525632	0.533126	0.533127	0.750564	0.750613
10	0.749515	0.749359	0.299032	0.29997	0.299989	0.522677	0.530102	0.530103	0.750539	0.750588
10.1	0.749538	0.749383	0.299046	0.29994	0.299959	0.519752	0.527109	0.52711	0.750515	0.750564
