0	2	0	1	1	0	0	0	0	0	0	0	0	0	0	0	0	0	0	1
0.1	1.94995	0.0500501	1	1	0	0	0	0	0	0	0	0	0	0	0	0	0	0	1
0.2	1.90011	0.0998917	1	1	0	0	0	0	0	0	0	0	0	0	0	0	0	0	1
0.3	1.85048	0.14952	1	1	0	0	0	0	0	0	0	0	0	0	0	0	0	0	1
0.4	1.80107	0.19893	1	1	0	0	0	0	0	0	0	0	0	0	0	0	0	0	1
0.5	1.75188	0.248116	1	1	0	0	0	0	0	0	0	0	0	0	0	0	0	0	1
0.6	1.70293	0.297073	1	1	0	0	0	0	0	0	0	0	0	0	0	0	0	0	1
0.7	1.65421	0.345794	1	1	0	0	0	0	0	0	0	0	0	0	0	0	0	0	1
0.8	1.60573	0.394272	1	1	0	0	0	0	0	0	0	0	0	0	0	0	0	0	1
0.9	1.5575	0.4425	1	1	0	0	0	0	0	0	0	0	0	0	0	0	0	0	1
1	1.50953	0.49047	1	1	0	0	0	0	0	0	0	0	0	0	0	0	0	0	1
1.1	1.46183	0.538174	1	1	0	0	0	0	0	0	0	0	0	0	0	0	0	0	1
1.2	1.4144	0.585604	1	1	0	0	0	0	0	0	0	0	0	0	0	0	0	0	1
1.3	1.36725	0.632749	1	1	0	0	0	0	0	0	0	0	0	0	0	0	0	0	1
1.4	1.3204	0.679599	1	1	0	0	0	0	0	0	0	0	0	0	0	0	0	0	1
1.5	1.27386	0.726143	1	1	0	0	0	0	0	0	0	0	0	0	0	0	0	0	1
1.6	1.22763	0.772369	1	1	0	0	0	0	0	0	0	0	0	0	0	0	0	0	1
1.7	1.18174	0.818263	1	1	0	0	0	0	0	0	0	0	0	0	0	0	0	0	1
1.8	1.13619	0.863812	1	1	0	0	0	0	0	0	0	0	0	0	0	0	0	0	1
1.9	1.091	0.909001	1	1	0	0	0	0	0	0	0	0	0	0	0	0	0	0	1
2	1.04619	0.953812	1	1	0	0	0	0	0	0	0	0	0	0	0	0	0	0	1
2.1	1.00177	0.998227	1	1	0	0	0	0	0	0	0	0	0	0	0	0	0	0	1
2.2	0.957772	1.04223	1	1	0	0	0	0	0	0	0	0	0	0	0	0	0	0	1
2.3	0.914208	1.08579	1	1	0	0	0	0	0	0	0	0	0	0	0	0	0	0	1
2.4	0.871104	1.1289	1	1	0	0	0	0	0	0	0	0	0	0	0	0	0	0	1
2.5	0.828484	1.17152	1	1	0	0	0	0	0	0	0	0	0	0	0	0	0	0	1
2.6	0.786378	1.21362	1	1	0	0	0	0	0	0	0	0	0	0	0	0	0	0	1
2.7	0.744815	1.25518	1	1	0	0	0	0	0	0	0	0	0	0	0	0	0	0	1
2.8	0.703828	1.29617	1	1	0	0	0	0	0	0	0	0	0	0	0	0	0	0	1
2.9	0.663455	1.33655	1	1	0	0	0	0	0	0	0	0	0	0	0	0	0	0	1
3	0.623733	1.37627	1	1	0	0	0	0	0	0	0	0	0	0	0	0	0	0	1
3.1	0.584708	1.41529	1	1	0	0	0	0	0	0	0	0	0	0	0	0	0	0	1
3.2	0.546426	1.45357	1	1	0	0	0	0	0	0	0	0	0	0	0	0	0	0	1
3.3	0.508941	1.49106	1	1	0	0	0	0	0	0	0	0	0	0	0	0	0	0	1
3.4	0.472308	1.52769	1	1	0	0	0	0	0	0	0	0	0	0	0	0	0	0	1
3.5	0.436589	1.56341	1	1	0	0	0	0	0	0	0	0	0	0	0	0	0	0	1
3.6	0.401853	1.59815	1	1	0	0	0	0	0	0	0	0	0	0	0	0	0	0	1
3.7	0.368171	1.63183	1	1	0	0	0	0	0	0	0	0	0	0	0	0	0	0	1
3.8	0.335622	1.66438	1	1	0	0	0	0	0	0	0	0	0	0	0	0	0	0	1
3.9	0.304289	1.69571	1	1	0	0	0	0	0	0	0	0	0	0	0	0	0	0	1
4	0.274259	1.72574	1	1	0	0	0	0	0	0	0	0	0	0	0	0	0	0	1
4.1	0.245623	1.75438	1	1	0	0	0	0	0	0	0	0	0	0	0	0	0	0	1
4.2	0.218472	1.78153	1	1	0	0	0	0	0	0	0	0	0	0	0	0	0	0	1
4.3	0.192899	1.8071	1	1	0	0	0	0	0	0	0	0	0	0	0	0	0	0	1
4.4	0.168989	1.83101	1	1	0	0	0	0	0	0	0	0	0	0	0	0	0	0	1
4.5	0.14682	1.85318	1	1	0	0	0	0	0	0	0	0	0	0	0	0	0	0	1
4.6	0.126455	1.87354	1	1	0	0	0	0	0	0	0	0	0	0	0	0	0	0	1
4.7	0.10794	1.89206	1	1	0	0	0	0	0	0	0	0	0	0	0	0	0	0	1
4.8	0.0912923	1.90871	1	1	0	0	0	0	0	0	0	0	0	0	0	0	0	0	1
4.9	0.0765024	1.9235	1	1	0	0	0	0	0	0	0	0	0	0	0	0	0	0	1
5	0.0635268	1.93647	1	1	0	0	0	0	0	0	0	0	0	0	0	0	0	0	1
5.1	0.0522888	1.94771	1	1	0	0	0	0	0	0	0	0	0	0	0	0	0	0	1
5.2	0.0426808	1.95732	1	1	0	0	0	0	0	0	0	0	0	0	0	0	0	0	1
5.3	0.0345698	1.96543	1	1	0	0	0	0	0	0	0	0	0	0	0	0	0	0	1
5.4	0.0278046	1.9722	1	1	0	0	0	0	0	0	0	0	0	0	0	0	0	0	1
5.5	0.0222247	1.97778	1	1	0	0	0	0	0	0	0	0	0	0	0	0	0	0	1
5.6	0.0176688	1.98233	1	1	0	0	0	0	0	0	0	0	0	0	0	0	0	0	1
5.7	0.0139821	1.98602	1	1	0	0	0	0	0	0	0	0	0	0	0	0	0	0	1
5.8	0.0110219	1.98898	1	1	0	0	0	0	0	0	0	0	0	0	0	0	0	0	1
5.9	0.00866065	1.99134	1	1	0	0	0	0	0	0	0	0	0	0	0	0	0	0	1
6	0.00678744	1.99321	1	1	0	0	0	0	0	0	0	0	0	0	0	0	0	0	1
6.1	0.00530811	1.99469	1	1	0	0	0	0	0	0	0	0	0	0	0	0	0	0	1
6.2	0.00414416	1.99586	1	1	0	0	0	0	0	0	0	0	0	0	0	0	0	0	1
6.3	0.00323105	1.99677	1	1	0	0	0	0	0	0	0	0	0	0	0	0	0	0	1
6.4	0.00251643	1.99748	1	1	0	0	0	0	0	0	0	0	0	0	0	0	0	0	1
6.5	0.00195821	1.99804	1	1	0	0	0	0	0	0	0	0	0	0	0	0	0	0	1
6.6	0.0015228	1.99848	1	1	0	0	0	0	0	0	0	0	0	0	0	0	0	0	1
6.7	0.00118359	1.99882	1	1	0	0	0	0	0	0	0	0	0	0	0	0	0	0	1
6.8	0.000919567	1.99908	1	1	0	0	0	0	0	0	0	0	0	0	0	0	0	0	1
6.9	0.00071421	1.99929	1	1	0	0	0	0	0	0	0	0	0	0	0	0	0	0	1
7	0.000554576	1.99945	1	1	0	0	0	0	0	0	0	0	0	0	0	0	0	0	1
7.1	0.000430539	1.99957	1	1	0	0	0	0	0	0	0	0	0	0	0	0	0	0	1
7.2	0.000334194	1.99967	1	1	0	0	0	0	0	0	0	0	0	0	0	0	0	0	1
7.3	0.000259378	1.99974	1	1	0	0	0	0	0	0	0	0	0	0	0	0	0	0	1
7.4	0.000201293	1.9998	1	1	0	0	0	0	0	0	0	0	0	0	0	0	0	0	1
7.5	0.000156205	1.99984	1	1	0	0	0	0	0	0	0	0	0	0	0	0	0	0	1
7.6	0.000121209	1.99988	1	1	0	0	0	0	0	0	0	0	0	0	0	0	0	0	1
7.7	9.405e-05	1.99991	1	1	0	0	0	0	0	0	0	0	0	0	0	0	0	0	1
7.8	7.29739e-05	1.99993	1	1	0	0	0	0	0	0	0	0	0	0	0	0	0	0	1
7.9	5.66193e-05	1.99994	1	1	0	0	0	0	0	0	0	0	0	0	0	0	0	0	1
8	4.39292e-05	1.99996	1	1	0	0	0	0	0	0	0	0	0	0	0	0	0	0	1
8.1	3.40828e-05	1.99997	1	1	0	0	0	0	0	0	0	0	0	0	0	0	0	0	1
8.2	2.64431e-05	1.99997	1	1	0	0	0	0	0	0	0	0	0	0	0	0	0	0	1
8.3	2.05156e-05	1.99998	1	1	0	0	0	0	0	0	0	0	0	0	0	0	0	0	1
8.4	1.59168e-05	1.99998	1	1	0	0	0	0	0	0	0	0	0	0	0	0	0	0	1
8.5	1.23487e-05	1.99999	1	1	0	0	0	0	0	0	0	0	0	0	0	0	0	0	1
8.6	9.58047e-06	1.99999	1	1	0	0	0	0	0	0	0	0	0	0	0	0	0	0	1
8.7	7.43277e-06	1.99999	1	1	0	0	0	0	0	0	0	0	0	0	0	0	0	0	1
8.8	5.76652e-06	1.99999	1	1	0	0	0	0	0	0	0	0	0	0	0	0	0	0	1
8.9	4.47379e-06	2	1	1	0	0	0	0	0	0	0	0	0	0	0	0	0	0	1
9	3.47085e-06	2	1	1	0	0	0	0	0	0	0	0	0	0	0	0	0	0	1
9.1	2.69276e-06	2	1	1	0	0	0	0	0	0	0	0	0	0	0	0	0	0	1
9.2	2.08909e-06	2	1	1	0	0	0	0	0	0	0	0	0	0	0	0	0	0	1
9.3	1.62075e-06	2	1	1	0	0	0	0	0	0	0	0	0	0	0	0	0	0	1
9.4	1.25741e-06	2	1	1	0	0	0	0	0	0	0	0	0	0	0	0	0	0	1
9.5	9.7552e-07	2	1	1	0	0	0	0	0	0	0	0	0	0	0	0	0	0	1
9.6	7.56825e-07	2	1	1	0	0	0	0	0	0	0	0	0	0	0	0	0	0	1
9.7	5.87157e-07	2	1	1	0	0	0	0	0	0	0	0	0	0	0	0	0	0	1
9.8	4.55526e-07	2	1	1	0	0	0	0	0	0	0	0	0	0	0	0	0	0	1
9.9	3.53405e-07	2	1	1	0	0	0	0	0	0	0	0	0	0	0	0	0	0	1
10	2.74177e-07	2	1	1	0	0	0	0	0	0	0	0	0	0	0	0	0	0	1
10.1	2.12711e-07	2	1	1	0	0	0	0	0	0	0	0	0	0	0	0	0	0	1
