0 internals used
0.085 2.03 0.02 0.04 2.215 0.375 1.945 3.69 4.065 4.5 2.385 4.505 1.945 4.205 4.3 0.66 3.875 0.245 4.675 0.04 2.2
1 internals used
0.095 1.635 3.31 0.005 0.92 0.235 2.05 0.78 2.325 4.56 4.475 3.15 0.51 4.06 4.46 2.175 4.725 3.395 0.43 3.02 0.225
2 internals used
0.885 2.99 0.195 0.005 4.025 2.045 0.16 3.075 3.575 4.43 1.24 1.51 0.965 4.765 3.495 1.84 4.87 3.795 1.03 3.475 0.48
3 internals used
0.625 0.19 0.23 0.585 4.555 0.39 3.01 4.87 3.435 2.48 4.59 2.27 4.78 4.945 2.88 0.37 4.445 4.57 0.725 1.27 0.155
4 internals used
0.525 0.285 0.78 1.515 1.865 4.635 1.08 2.465 1.285 1.56 1.87 3.98 0.235 4.82 1.805 3.325 4.055 4.27 1.94 3.875 1.62
